%========================================================================%
    Input
%========================================================================%
%///////M(m*j)//////////////N(Number Of Constraint)/////////////////////////%
        100                          20

%///////Prior Job///////////Posterior Job///////////////////////////////////%
           101                    105
           112                   121
           123                   132
           134                   143
           145                   154
           156                   165
           167                   176
           178                   187
           189                   198
           121                   192
           131                   183
           141                   174
           151                   165
           199                   200
           189                   190
           179                   180
           169                   170
           159                   160
           149                   150
           139                   140
%////////Job//////////Machine///////////////Time/////////////////////////////%
         1               1                    101
         2               1                    111
         3               1                    121
         4               1                    131
         5               1                    141
         6               1                    151
         7               1                    161
         8               1                    171
         9               1                    181		 
         10              1                    191 
         11              2                    102
         12              2                    112
         13              2                    122
         14              2                    132
         15              2                    142
         16              2                    152
         17              2                    162
         18              2                    172
         19              2                    182
         20              2                    192
         21              3                    103
         22              3                    113
         23              3                    123
         24              3                    133
         25              3                    143
         26              3                    153
         27              3                    163
         28              3                    173
         29              3                    183
         30              3                    193
         31              4                    104
         32              4                    114
         33              4                    124
         34              4                    134
         35              4                    144
         36              4                    154
         37              4                    164
         38              4                    174
         39              4                    184
         40              4                    194
         41              5                    105
         42              5                    115
         43              5                    125
         44              5                    135
         45              5                    145
         46              5                    155
         47              5                    165
         48              5     		      175
         49              5                    185
         50              5                    195
         51              6                    106
         52              6                    116
         53              6                    126
         54              6                    136
         55              6                    146
         56              6                    156
         57              6                    166
         58              6                    176
         59              6                    186
         60              6                    196
         61              7                    107
         62              7                    117
         63              7                    127
         64              7                    137
         65              7                    147
         66              7                    157
         67              7                    167
         68              7                    177
         69              7                    187
         70              7                    197
         71              8                    108
         72              8                    118
         73              8                    128
         74              8                    138
         75              8                    148
         76              8                    158
         77              8                    168
         78              8                    178
         79              8                    188
         80              8                    198
         81              9                    109
         82              9                    119
         83              9                    129
         84              9                    139
         85              9                    149
         86              9                    159
         87              9                    169
         88              9                    179
         89              9                    189
         90              9                    199
         91              10                   110
         92              10                   120
         93              10                   130
         94              10                   140
         95              10                   150
         96              10                   160
         97              10                   170
         98              10                   180
         99              10                   190
         100             10                   200


%////////////////////////////////////////////////////////////////////////////%
